Variable	N	Converged	Beta	SE	Variable_pvalue	LRT_pvalue	Diff_AIC	pvalue_FDR	pvalue_Bonf
LBXLUZ	14263	TRUE	0.433555114491244	0.0154873449699275	6.41908810061463e-168	NA	NA	2.90784690957843e-165	2.90784690957843e-165
LBXCBC	14268	TRUE	2.07199241577355	0.10993182713162	2.72562244602181e-78	NA	NA	6.1735348402394e-76	1.23470696804788e-75
total_days_drink_year	7210	TRUE	0.0297363778618242	0.00167534593603266	5.06959341024592e-69	NA	NA	7.65508604947134e-67	2.2965258148414e-66
LBXLYC	14258	TRUE	0.182735361162121	0.0110884090684325	1.85563701440459e-60	NA	NA	2.1015089188132e-58	8.40603567525281e-58
DR1TALCO	20319	TRUE	0.0581255383087073	0.00380151315809174	1.74536515617776e-52	NA	NA	1.58130083149705e-50	7.90650415748525e-50
LBXVID	14329	TRUE	0.207828981889296	0.0142248500153111	5.34955576473375e-48	NA	NA	4.03891460237398e-46	2.42334876142439e-45
LBXCRY	14229	TRUE	0.202119107865834	0.0149035431553565	1.22419259454146e-41	NA	NA	7.92227493324691e-40	5.54559245327283e-39
LBXRST	17845	TRUE	-2.29029356052922	0.174122372295696	2.48180330362463e-39	NA	NA	1.40532112067744e-37	1.12425689654196e-36
ESTROGENS__CONJUGATED	13871	TRUE	NA	NA	NA	3.6054175017297e-39	-168.513212495338	1.81472680920395e-37	1.63325412828355e-36
LBXBEC	14267	TRUE	0.0896634522423839	0.00718552846967952	1.50295429581871e-35	NA	NA	6.80838296005877e-34	6.80838296005877e-33
LBXIRN	16546	TRUE	0.0345699051130668	0.00285875402493456	1.59989256069029e-33	NA	NA	6.58864845447908e-32	7.24751329992699e-31
LBXALC	14268	TRUE	0.275384320754502	0.0241994377503859	7.09529557465881e-30	NA	NA	2.6784740794337e-28	3.21416889532044e-27
supplement_count	21125	TRUE	0.762102075857417	0.0679740828788735	4.31934592075842e-29	NA	NA	1.50512592469505e-27	1.95666370210356e-26
SMD080	3703	TRUE	-0.160687362563102	0.0179444234598663	5.28765435849079e-19	NA	NA	1.71093387456881e-17	2.39530742439633e-16
DR1TMAGN	20319	TRUE	0.00656213840706973	0.000737400007684699	6.09690394176746e-19	NA	NA	1.84126499041377e-17	2.76189748562066e-16
SMQ040	6455	TRUE	NA	NA	NA	1.2547769574495e-18	-80.0682442808175	3.55258726077889e-17	5.68413961724623e-16
DR1TFF	14160	TRUE	0.00850114471857072	0.000981643891090051	5.21739428231951e-18	NA	NA	1.39028212346514e-16	2.36347960989074e-15
CVDVOMAX	8554	TRUE	0.263554766810886	0.0324937849645886	5.71977853334119e-16	NA	NA	1.43947759755753e-14	2.59105967560356e-13
LBXCOT	20928	TRUE	-0.00789104909239554	0.000982951020984651	1.043360968299e-15	NA	NA	2.4875922033655e-14	4.72642518639445e-13
DR1TPROT	20319	TRUE	0.0199269014705383	0.00249195548158795	1.34818964579805e-15	NA	NA	3.05364954773258e-14	6.10729909546517e-13
SMD100CO	3371	TRUE	-0.310989060680731	0.0395871522086266	5.30297117567815e-15	NA	NA	1.14392663932486e-13	2.4022459425822e-12
LBXRPL	19020	TRUE	-0.364534226235542	0.0478673082561103	2.74910853896533e-14	NA	NA	5.6606644006877e-13	1.24534616815129e-11
DR1TP183	20319	TRUE	0.753926624990449	0.0993242259081792	3.32250379970849e-14	NA	NA	6.54388791855628e-13	1.50509422126795e-11
LBX128	5446	TRUE	-125.263141761172	16.5062828025518	3.77617677242196e-14	NA	NA	7.12753365794644e-13	1.71060807790715e-11
DR1TSELE	20319	TRUE	0.0126654975919624	0.00167938874678186	4.83251781286542e-14	NA	NA	8.75652227691215e-13	2.18913056922804e-11
DR1TPHOS	20319	TRUE	0.00114512822493622	0.000155478522376599	1.83656843079151e-13	NA	NA	3.19986730441752e-12	8.31965499148555e-11
DR1TTFAT	20319	TRUE	0.0166842261382881	0.00227099575677833	2.10910380827136e-13	NA	NA	3.53860750054417e-12	9.55424025146927e-11
DR1TPOTA	20319	TRUE	0.000564893430334778	7.73321997230983e-05	2.8801992497521e-13	NA	NA	4.65975092906322e-12	1.3047302601377e-10
LBXGTC	19744	TRUE	-0.00575121189232245	0.000794452011965439	4.67841272729695e-13	NA	NA	7.30800332919144e-12	2.11932096546552e-10
DR1TS160	20319	TRUE	0.085228819782276	0.011923194618398	9.09343097584072e-13	NA	NA	1.37310807735195e-11	4.11932423205584e-10
SMD100TR	3386	TRUE	-0.27940176603266	0.0390063800409752	9.64735625988126e-13	NA	NA	1.37315088345698e-11	4.37025238572621e-10
DR1TSFAT	20319	TRUE	0.044918191335735	0.00629171560471732	9.6999620906453e-13	NA	NA	1.37315088345698e-11	4.39408282706232e-10
SMD100NI	3382	TRUE	-3.72628069267879	0.526303143181427	1.74510131882144e-12	NA	NA	2.39554817401853e-11	7.90530897426114e-10
DR1TPFAT	20319	TRUE	0.063985862759076	0.00923479215551456	4.37186803263753e-12	NA	NA	5.69657613564809e-11	1.9804562187848e-09
DR1TCHOL	20319	TRUE	0.00304194964166097	0.000439091292889802	4.40132814012546e-12	NA	NA	5.69657613564809e-11	1.99380164747683e-09
DR1TCALC	20319	TRUE	0.00117935935662155	0.000170604321489638	4.8915827520188e-12	NA	NA	6.15524162962365e-11	2.21588698666452e-09
current_past_smoking	11813	TRUE	NA	NA	NA	5.31293412309002e-12	-47.8605471318006	6.50475448043184e-11	2.40675915775978e-09
DIGOXIN	21144	TRUE	NA	NA	NA	8.40101855447752e-12	-44.6426931214228	1.00148984346798e-10	3.80566140517832e-09
URXP14	6102	TRUE	0.0931292729031668	0.0136189745734029	8.80171720162657e-12	NA	NA	1.02235330572739e-10	3.98717789233684e-09
DR1TP204	20319	TRUE	5.43350065900643	0.801652714225967	1.25302898874792e-11	NA	NA	1.41905532975702e-10	5.67622131902807e-09
LBX195	3689	TRUE	-46.8936309779383	6.91997949927778	1.42749263127622e-11	NA	NA	1.577205273093e-10	6.46654161968129e-09
DR1TNIAC	20319	TRUE	0.0535384470878513	0.00798561349703072	2.07601525727957e-11	NA	NA	2.2391307417801e-10	9.40434911547643e-09
DR1TS040	20319	TRUE	1.2281069905022	0.186590958835477	4.76090723746181e-11	NA	NA	5.01556041527954e-10	2.1566909785702e-08
SMD090	3692	TRUE	-0.145460788445717	0.0224497921760064	1.04300579782133e-10	NA	NA	1.07382187821151e-09	4.72481626413062e-08
DR1TP182	20319	TRUE	0.0660138372568219	0.0102829971116259	1.3955703207143e-10	NA	NA	1.40487412285239e-09	6.32193355283577e-08
DR1TVB2	20319	TRUE	0.534189984681759	0.0832804569785612	1.44543902855578e-10	NA	NA	1.4231880646971e-09	6.54783879935769e-08
LBX189	3751	TRUE	-141.084970303983	21.9559051101379	1.47659688831708e-10	NA	NA	1.4231880646971e-09	6.68898390407639e-08
DR1TS180	20319	TRUE	0.155326979068434	0.0243051852254295	1.68724454063124e-10	NA	NA	1.59233703522073e-09	7.64321776905951e-08
LBX151	3807	TRUE	-139.566554577433	21.9699421066519	2.36711753964498e-10	NA	NA	2.18837601114118e-09	1.07230424545918e-07
DR1TS140	20319	TRUE	0.351298977073471	0.0555366459333893	2.57624446279662e-10	NA	NA	2.33407748329374e-09	1.16703874164687e-07
LBX172	5327	TRUE	-79.8498602500434	12.6369339941917	2.85129467074845e-10	NA	NA	2.53262056048833e-09	1.29163648584905e-07
DR1TVB6	20319	TRUE	0.536166641379351	0.0859100409667882	4.4331979877155e-10	NA	NA	3.86199747775985e-09	2.00823868843512e-07
SMD070	3279	TRUE	-0.145881940381072	0.0238533209543035	1.07448021455144e-09	NA	NA	9.18376485267548e-09	4.867395371918e-07
GLIPIZIDE	21144	TRUE	NA	NA	NA	1.10605334069633e-09	-35.1150572416082	9.27855858028585e-09	5.01042163335436e-07
DR1TS100	20319	TRUE	1.50971736162623	0.249073235290018	1.37374665826086e-09	NA	NA	1.13146770216758e-08	6.2230723619217e-07
DR1TATOC	14160	TRUE	0.145967410519194	0.0243081773444106	1.96176029779426e-09	NA	NA	1.58692395518e-08	8.88677414900799e-07
DR1TS060	20319	TRUE	2.00804865803194	0.335384623182185	2.16938858474135e-09	NA	NA	1.72409303313655e-08	9.82733028887832e-07
DR1TMFAT	20319	TRUE	0.0341680305726729	0.00571453392260334	2.28062073932924e-09	NA	NA	1.7812434395106e-08	1.03312119491615e-06
house_age	15946	TRUE	0.159308557016369	0.0267082900384422	2.50175145293076e-09	NA	NA	1.92083628504684e-08	1.13329340817763e-06
total_days_5drink_year	2705	TRUE	0.0208348882251861	0.0034933285508935	2.77989290344026e-09	NA	NA	2.09881914209739e-08	1.25929148525844e-06
DR1TKCAL	20319	TRUE	0.000609251515675308	0.000102678848076592	3.01238840823886e-09	NA	NA	2.23706876874132e-08	1.3646119489322e-06
LBXVIE	20599	TRUE	0.00114116729275619	0.000192633803193263	3.19154093157949e-09	NA	NA	2.33188393871856e-08	1.44576804200551e-06
LBXEND	3669	TRUE	-250.381507191884	42.8488091150628	5.56250696438766e-09	NA	NA	3.99970738867875e-08	2.51981565486761e-06
DR1TM181	20319	TRUE	0.0354093327017052	0.00610041412684305	6.55528308616988e-09	NA	NA	4.63991130942962e-08	2.96954323803496e-06
DR1TVK	14160	TRUE	0.00561348255162824	0.00097205245016528	7.86269353616808e-09	NA	NA	5.47969257212945e-08	3.56180017188414e-06
DR1TM161	20319	TRUE	0.59378269118051	0.103683344580823	1.0373556347431e-08	NA	NA	7.12003185664583e-08	4.69922102538625e-06
LBX149	3810	TRUE	-135.77226104598	23.8472248407006	1.33943015197739e-08	NA	NA	9.05614714695162e-08	6.06761858845758e-06
URXUBE	6461	TRUE	-80.3372810166097	14.2607938935	1.84107781389119e-08	NA	NA	1.22648272013634e-07	8.34008249692708e-06
DR1TP184	20319	TRUE	21.0647101402188	3.79712329358317	2.93322874817406e-08	NA	NA	1.92572843901862e-07	1.32875262292285e-05
LBX157	5397	TRUE	-79.5759146756039	14.3521434281076	3.08773903412052e-08	NA	NA	1.99820826065228e-07	1.3987457824566e-05
LBXOXY	5276	TRUE	-9.80794492790261	1.77646253895795	3.53117666417886e-08	NA	NA	2.2529901815113e-07	1.59962302887302e-05
LBXTNA	5513	TRUE	-4.94328833006172	0.920402796872776	8.16133569266698e-08	NA	NA	5.13484037330298e-07	3.69708506877814e-05
DR1TP226	20319	TRUE	2.83965082811439	0.546298511703879	2.03411977187566e-07	NA	NA	1.26226884473928e-06	9.21456256659675e-05
URXUMO	6284	TRUE	-0.0151376575314563	0.00291556480089764	2.14577793499204e-07	NA	NA	1.31356406020459e-06	9.72037404551393e-05
DR1TP225	20319	TRUE	11.7659218280248	2.27827805444223	2.43498411987909e-07	NA	NA	1.47073040840697e-06	0.000110304780630523
LBX206	3711	TRUE	-26.4283208375904	5.11550854439259	2.51360929695436e-07	NA	NA	1.4807487790955e-06	0.000113866501152032
DSDCOUNT	21144	TRUE	0.177834106370273	0.0344765401416498	2.51694604835217e-07	NA	NA	1.4807487790955e-06	0.000114017655990353
LBXF02	4463	TRUE	-0.151002911160024	0.0293130424374688	2.69739190044665e-07	NA	NA	1.56656221910555e-06	0.000122191853090233
PREDNISONE	21144	TRUE	NA	NA	NA	2.73358158703004e-07	-24.4265644822735	1.56748412522102e-06	0.000123831245892461
DR1TS080	20319	TRUE	2.00736277021265	0.392471626183696	3.17147994225059e-07	NA	NA	1.7958505172994e-06	0.000143668041383952
DRD370M	6389	TRUE	NA	NA	NA	4.39890959881843e-07	-23.5039253323921	2.46013092378364e-06	0.000199270604826475
DR1TZINC	20319	TRUE	0.0596074913441934	0.0118378050685965	4.81058703572248e-07	NA	NA	2.65755600875888e-06	0.000217919592718228
SMD410	21140	TRUE	NA	NA	NA	6.74121286663831e-07	-22.6861595366499	3.67924027540621e-06	0.000305376942858715
GLYBURIDE	21144	TRUE	NA	NA	NA	6.87327285862908e-07	-22.6487951015588	3.7066578630464e-06	0.000311359260495897
DR1TP205	20319	TRUE	3.86051288301413	0.800288816818755	1.41799041030915e-06	NA	NA	7.55705477494172e-06	0.000642349655870046
VITAMIN_B_6_mg	20882	TRUE	0.014268161434835	0.00296515149747828	1.50508926314785e-06	NA	NA	7.92797018844158e-06	0.000681805436205976
DRD360	10105	TRUE	NA	NA	NA	1.67409908911472e-06	-20.9358151709748	8.71686077435597e-06	0.000758366887368969
DR1TMOIS	14160	TRUE	0.000605353991500836	0.000128848231401328	2.64941960815019e-06	NA	NA	1.36384895737731e-05	0.00120018708249203
LBX167	5417	TRUE	-62.4182754041355	13.285994788754	2.69163155552483e-06	NA	NA	1.37001021871096e-05	0.00121930909465275
LBXTHG	11132	TRUE	0.330652849309099	0.0706610247044313	2.91077758846186e-06	NA	NA	1.46509138619247e-05	0.00131858224757322
DRD340	10103	TRUE	NA	NA	NA	2.97862163062154e-06	-19.8304717460851	1.48276439414457e-05	0.00134931559867156
ATORVASTATIN_CALCIUM	13871	TRUE	NA	NA	NA	3.24184414801009e-06	-19.6680831306585	1.59625586853106e-05	0.00146855539904857
DR1TSUGR	14160	TRUE	-0.00677933868760895	0.00145760783071246	3.33314072579807e-06	NA	NA	1.62356209546938e-05	0.00150991274878652
LBX177	5391	TRUE	-46.7908982535151	10.1245491735392	3.89819693062928e-06	NA	NA	1.87859915912241e-05	0.00176588320957506
LBXHPE	5209	TRUE	-7.6989333411886	1.67547897083809	4.42848394657276e-06	NA	NA	2.11168760820785e-05	0.00200610322779746
DR1TFIBE	20319	TRUE	0.0475234166898299	0.0104767243323701	5.76332977432922e-06	NA	NA	2.7195712372616e-05	0.00261078838777114
LBXTC2	4401	TRUE	-0.0218759324771265	0.00493863321738175	9.67274346324806e-06	NA	NA	4.51727091634162e-05	0.00438175278885137
cigarette_smoking	6455	TRUE	NA	NA	NA	1.03743031276596e-05	-17.4451001141788	4.79546869064265e-05	0.0046995593168298
DRD320GW	13340	TRUE	0.000409150329083785	9.29567144684982e-05	1.08333767110901e-05	NA	NA	4.95709055568063e-05	0.00490751965012382
LBXF07	4424	TRUE	-0.102303406883222	0.0234298742560052	1.29224523217112e-05	NA	NA	5.85387090173517e-05	0.00585387090173517
LBX178	5455	TRUE	-49.3315500015177	11.3105823673963	1.31534662921401e-05	NA	NA	5.87846961124707e-05	0.00595852023033947
LBXME	14594	TRUE	-0.0723989628540289	0.0166142058402164	1.32362891908874e-05	NA	NA	5.87846961124707e-05	0.00599603900347201
LBXF05	4446	TRUE	-0.0457712302899018	0.0105533755131594	1.47569670020788e-05	NA	NA	6.49020005042884e-05	0.0066849060519417
DR1TM201	20319	TRUE	1.68946171324794	0.390326461377214	1.50962728314932e-05	NA	NA	6.57558806987155e-05	0.00683861159266642
ordinary_salt	14278	TRUE	NA	NA	NA	1.59331518750437e-05	-16.6246749636339	6.87401695180457e-05	0.0072177177993948
DR1TLZ	14160	TRUE	0.000199810339848132	4.64362646128617e-05	1.69713417798297e-05	NA	NA	7.25284700590834e-05	0.00768801782626284
hepa	19959	TRUE	NA	NA	NA	1.71942488282004e-05	-17.9430047686619	7.27943431698579e-05	0.00778899471917479
URXUCS	6460	TRUE	0.0708891484461732	0.0165051951374217	1.77288975310001e-05	NA	NA	7.4362875755028e-05	0.00803119058154303
LBXF04	4432	TRUE	-0.0393928031220328	0.00917856225293768	1.81000852395451e-05	NA	NA	7.5223290032238e-05	0.00819933861351394
LBXD04	4426	TRUE	-0.0250342890969574	0.00586338092347852	1.99937334335796e-05	NA	NA	8.23378295037413e-05	0.00905716124541154
METFORMIN_HYDROCHLORIDE	13871	TRUE	NA	NA	NA	2.34787488853334e-05	-15.8866502572346	9.58186778833878e-05	0.0106358732450561
LBXF01	4441	TRUE	-0.108171459000017	0.0268983765813031	5.87946739424562e-05	NA	NA	0.000237803457999399	0.0266339872959327
URX3TB	6295	TRUE	-0.0720704052374714	0.0179615618807649	6.07820719201573e-05	NA	NA	0.000243666182122401	0.0275342785798313
LBXD03	4435	TRUE	-0.00454235120804052	0.00114423894030128	7.30872977465224e-05	NA	NA	0.000290425841045392	0.0331085458791747
LBXVIA	20644	TRUE	0.0259816309473296	0.00655710900762869	7.44619056371564e-05	NA	NA	0.000293315158727233	0.0337312432536318
SELENIUM_mcg	21066	TRUE	0.00566340010176823	0.00148587572578412	0.000138524922399912	NA	NA	0.000540963705578966	0.0627517898471601
LBX087	3825	TRUE	-88.4954324429808	23.3057775480066	0.000148648921050807	NA	NA	0.000575538130222354	0.0673379612360155
LBX101	5470	TRUE	-27.3645677450808	7.22430284549413	0.000153591025340393	NA	NA	0.00058963334304405	0.0695767344791979
CVDR2DI	7717	TRUE	0.0439589154920574	0.0116237047569867	0.000156854916913621	NA	NA	0.000597103171108154	0.0710552773618704
SMD075	3262	TRUE	-0.0770630534428757	0.0204446848328754	0.000166584990886967	NA	NA	0.000628858340598301	0.0754630008717961
LBXF06	4411	TRUE	-0.102165751475113	0.0271619953509334	0.000171196496371533	NA	NA	0.000640925726085162	0.0775520128563047
DRD350D	4393	TRUE	NA	NA	NA	0.000175572351162427	-12.0886912573696	0.000651920287512946	0.0795342750765794
LBXHE1	10446	TRUE	NA	NA	NA	0.000181339692492789	-12.0205513307883	0.000667860818692953	0.0821468806992332
LBXD05	4434	TRUE	-0.00233294975238077	0.000639982311587717	0.000270112810741282	NA	NA	0.000986783090853233	0.122361103265801
DR1TCOPP	20319	TRUE	0.355855424500637	0.0978126939391992	0.000275303662983027	NA	NA	0.000997700474650488	0.124712559331311
RIBOFLAVIN_mg	20903	TRUE	0.0141084606844049	0.00390668851805865	0.000305308252155357	NA	NA	0.0010976558589395	0.138304638226377
no_salt	14278	TRUE	NA	NA	NA	0.000334245268136174	-10.8721361304633	0.00119222918476919	0.151413106465687
LBXD07	4395	TRUE	-0.00030230137339042	8.44171442943974e-05	0.000345937225132753	NA	NA	0.00122429346082138	0.156709562985137
physical_activity	13463	TRUE	NA	NA	NA	0.000361136402095759	-12.4201727581967	0.00126817666782464	0.163594790149379
use_water_treatment	21070	TRUE	NA	NA	NA	0.000365759734198147	-10.7022712554317	0.0012745319968597	0.165689159591761
DRDRESP	7273	TRUE	NA	NA	NA	0.000375510818918969	-11.7833780139554	0.0012985221448114	0.170106400970293
quantity_drink_per_day	7207	TRUE	0.231766020982797	0.0658429315859975	0.000434243626634227	NA	NA	0.00149024517322201	0.196712362865305
URXUSB	6309	TRUE	-2.86176429380443	0.826532138135242	0.00053898939420428	NA	NA	0.00182460555190974	0.244162195574539
THIAMIN_mg	20900	TRUE	0.0132451094262474	0.00382722561370138	0.000539728794604646	NA	NA	0.00182460555190974	0.244497143955904
CVDS2HR	7320	TRUE	0.0326958075018904	0.00946560779964381	0.000555124493829948	NA	NA	0.0018607218745212	0.251471395704966
DR1TVB1	20319	TRUE	0.370656336172875	0.107390129343839	0.000558627317737048	NA	NA	0.0018607218745212	0.253058174934883
DUQ110	1402	TRUE	0.19346523633001	0.0570168165200638	0.000710414964498953	NA	NA	0.00234903634246734	0.321817978918026
URXP04	6393	TRUE	-0.000251895331856891	7.57287664560838e-05	0.000885096636805944	NA	NA	0.00290039424108247	0.400948776473093
LBXODT	5272	TRUE	-15.07825358978	4.53469659517963	0.000889966444835461	NA	NA	0.00290039424108247	0.403154799510464
DRDTSODI	13371	TRUE	0.000215908632229279	6.50159123582143e-05	0.000899816063141783	NA	NA	0.00291154769002305	0.407616676603228
LBXD02	2832	TRUE	-0.0306134486984903	0.00923312605842203	0.000926005693157693	NA	NA	0.00297503956737897	0.419480579000435
LBXRBF	21050	TRUE	0.00270737158824094	0.000829916515773817	0.00110718768553507	NA	NA	0.00353208465878442	0.501556021547388
LBX183	5456	TRUE	-27.4819509466761	8.43558172947446	0.00112943861543293	NA	NA	0.00357787197756027	0.511635692791118
DR1TBCAR	14160	TRUE	0.000124564490942335	3.83272119589608e-05	0.00115663483130325	NA	NA	0.00363858040680814	0.523955578580372
URXUPB	6461	TRUE	-0.33787010411849	0.103997699230232	0.00116477230666185	NA	NA	0.00363890934426082	0.527641854917818
AMLODIPINE_BESYLATE	13871	TRUE	NA	NA	NA	0.0012080207636294	-8.482390587189	0.00374817401317888	0.547233405924116
LBX066	5418	TRUE	-27.0632999786408	8.55047294835206	0.00155877759887612	NA	NA	0.00480357994755702	0.706126252290882
ATENOLOL	21144	TRUE	NA	NA	NA	0.00174172120261378	-7.80641219136305	0.00533107908637866	0.788999704784041
occupation	8114	TRUE	NA	NA	NA	0.00185990743068948	-9.09758653004246	0.00565461789330427	0.842538066102337
LBXTCD	4444	TRUE	-0.0446207417043009	0.0147467164449339	0.00249392513021934	NA	NA	0.00753165389326241	1
DUQ100	7245	TRUE	NA	NA	NA	0.00259884926758164	-7.07776508173265	0.00779654780274491	1
DRD350E	4393	TRUE	NA	NA	NA	0.00264045098709225	-7.0539846128886	0.00786923879705782	1
LBXPDE	5552	TRUE	-0.0552580760162337	0.018457413078487	0.00276729714768864	NA	NA	0.00819336998629383	1
CALCIUM_mg	20745	TRUE	0.000194743242069874	6.62070170948961e-05	0.00327062887848926	NA	NA	0.0096207459867249	1
URXP03	6375	TRUE	-0.000475734333681722	0.000162650566293055	0.00345799371182768	NA	NA	0.0101032987243832	1
LBXD01	4468	TRUE	-0.0210243426566177	0.0071916411997912	0.00347928167992005	NA	NA	0.0101032987243832	1
FUROSEMIDE	21144	TRUE	NA	NA	NA	0.00363094856955124	-6.46244420018047	0.0104299218451216	1
LBXHXC	4424	TRUE	-0.00559913610361965	0.00192441219517642	0.00363780938527421	NA	NA	0.0104299218451216	1
DR1TLYCO	14160	TRUE	3.32398589632021e-05	1.14818680454655e-05	0.00379754059920365	NA	NA	0.0108194081222594	1
URXP16	6031	TRUE	0.0377807206804522	0.0131540103986519	0.00409071708408058	NA	NA	0.0115818427443031	1
DR1TCRYP	14160	TRUE	0.00120292718064467	0.00042371918743974	0.00453235176643189	NA	NA	0.0127525177030661	1
SIMVASTATIN	21144	TRUE	NA	NA	NA	0.00472752790975952	-5.98347610913333	0.0132195687846979	1
LBX170	5345	TRUE	-7.24504147988486	2.58627458310022	0.0051073807926209	NA	NA	0.014190575664182	1
private_water_source	20943	TRUE	NA	NA	NA	0.0051374269512712	-5.83306610965519	0.014190575664182	1
how_many_years_in_house	21120	TRUE	NA	NA	NA	0.00557821487119304	-6.6163255123829	0.0153147353736391	1
DR1TVB12	20319	TRUE	0.0341265135534536	0.012689809235524	0.00716637344772417	NA	NA	0.0195564287458979	1
LBXF10	4394	TRUE	-0.0132447961331001	0.00494852199257642	0.00746690200645753	NA	NA	0.0202545305923668	1
URXUTL	6391	TRUE	-3.26904585620256	1.22655011422062	0.00771279816953425	NA	NA	0.0207970093499941	1
LBXALD	3854	TRUE	-77.2915364197458	29.0717840767672	0.0078780930324409	NA	NA	0.0211170186017499	1
DRD330GW	11741	TRUE	0.000298120265912523	0.000114042127225548	0.00895708632393072	NA	NA	0.0238680006161213	1
LBXHA	21141	TRUE	NA	NA	NA	0.0091898743796163	-4.78799195360625	0.0243451058126677	1
POTASSIUM_CHLORIDE	21144	TRUE	NA	NA	NA	0.00924466551735583	-4.77737904558307	0.0243478690660592	1
URXUHG	5394	TRUE	-0.181353448907814	0.0697458537461633	0.0093422968530349	NA	NA	0.0244627773088139	1
CVDR1HR	7539	TRUE	0.0209995586788864	0.00812518131473536	0.00977058199955688	NA	NA	0.0254188039903965	1
LBX196	3810	TRUE	-16.3427603280327	6.32858685004706	0.00984948429198638	NA	NA	0.0254188039903965	1
LBXTO2	1451	TRUE	-1.00791759169261	0.390123740189503	0.00987573841569488	NA	NA	0.0254188039903965	1
URXP19	4451	TRUE	-0.00336730131096867	0.00130590317059676	0.00995428452055241	NA	NA	0.0254762197051426	1
DRD370A	6389	TRUE	NA	NA	NA	0.0111684821839229	-4.4461614462125	0.0284231597152645	1
LBXFOL	21120	TRUE	0.0235979419917503	0.00933425756748242	0.011475379062862	NA	NA	0.0290410431032205	1
ALBUTEROL	21144	TRUE	NA	NA	NA	0.0120840848708543	-4.30082976297126	0.0304116135916501	1
URXETL	6688	TRUE	0.000246712235317683	9.84513322468729e-05	0.0122365492670815	NA	NA	0.0305425754028064	1
URXMZP	6686	TRUE	-0.00815212795014732	0.00325442460002659	0.0122709684841297	NA	NA	0.0305425754028064	1
DR1TVC	20319	TRUE	0.00229094978588136	0.000915517615385746	0.0123448233074474	NA	NA	0.0305584970397469	1
VITAMIN_C_mg	20851	TRUE	1.65401497057482e-07	6.66455958721624e-08	0.0130796301429843	NA	NA	0.0322014807324558	1
TOTAL_CARBOHYDRATE_gm	21118	TRUE	1.65232150251872e-05	6.68301813189012e-06	0.0134280670682088	NA	NA	0.0328806182805328	1
LBXMS1	14650	TRUE	NA	NA	NA	0.0163878212173989	-3.76397191667638	0.0399122742552781	1
URXMBP	6686	TRUE	-0.00278533550804422	0.00116371786733541	0.0167168379958615	NA	NA	0.0404958695835576	1
DR1TCAFF	20319	TRUE	-0.0013500653801544	0.000573909422831399	0.0186621200768957	NA	NA	0.0449677680576264	1
LBXGHC	5400	TRUE	-12.3829838320879	5.28772719013835	0.0192254312551127	NA	NA	0.0460800018971748	1
SXQ020	7243	TRUE	NA	NA	NA	0.0196675426438169	-3.44739254119486	0.0468915621981529	1
LISINOPRIL	21144	TRUE	NA	NA	NA	0.0209061426189852	-3.33670273097232	0.0495836785675409	1
DR1TFDFE	14160	TRUE	0.00071537414962676	0.000310831258983806	0.021378569574758	NA	NA	0.0504400625904447	1
DRD350G	4393	TRUE	NA	NA	NA	0.0219915248053646	-3.25647934398148	0.0516174131441977	1
URXPCP	6184	TRUE	-0.0806544763293078	0.0354291055212453	0.0228499861436339	NA	NA	0.0533558954797225	1
DRD370RQ	230	TRUE	1.4618408188768	0.642221625300396	0.023799229860527	NA	NA	0.0552874416759936	1
DR1TCARB	20319	TRUE	-0.00167955994727072	0.000753245067956412	0.0257738965392603	NA	NA	0.0595692608790047	1
DR1TIRON	20319	TRUE	0.0236655880502681	0.0106338139169179	0.026058406112239	NA	NA	0.0599211064408339	1
LBXDIE	3760	TRUE	-4.70999637945174	2.11834145920297	0.0262458078683673	NA	NA	0.0599901681759405	1
LBXHCB	5311	TRUE	-3.90343450254256	1.75704761122511	0.0263532968366714	NA	NA	0.0599901681759405	1
DR1TS120	20319	TRUE	0.21927040903018	0.101731882317345	0.03114417352219	NA	NA	0.0705415530277603	1
AMOXICILLIN	21144	TRUE	NA	NA	NA	0.031593013843339	-2.62234618247021	0.0712021655275252	1
URXP06	6309	TRUE	-0.000488099102530521	0.00022976558984432	0.0336809840132578	NA	NA	0.0755321077128999	1
LBXHBC	20076	TRUE	NA	NA	NA	0.0339475013961775	-2.49930739431875	0.0757547691254601	1
LBXF09	2811	TRUE	-0.0689427305842253	0.0327745117905709	0.035506955891235	NA	NA	0.0788463285231837	1
LBX156	5426	TRUE	-8.29702298115079	3.96418515213367	0.0363959463951629	NA	NA	0.0804261644732137	1
URXUBA	6249	TRUE	-0.0654764550816757	0.0313690635286973	0.0369020616020542	NA	NA	0.0811487082802454	1
URX1TB	6294	TRUE	-0.0446421813104715	0.0214474241159371	0.0374312480213134	NA	NA	0.0819147601625843	1
LBX074	5469	TRUE	-6.06780468850461	2.9513279420853	0.0398340725855865	NA	NA	0.08656906049009	1
URX24D	3979	TRUE	0.0218841354953119	0.0106489955306568	0.0399402508662888	NA	NA	0.08656906049009	1
CVDS1HR	7945	TRUE	0.0207070863667561	0.0101258995162583	0.0408914637558893	NA	NA	0.0882087289591326	1
URXUCL	5586	TRUE	NA	NA	NA	0.0425666275444408	-2.1191258027975	0.0913871197992023	1
LBXBHC	5487	TRUE	-0.542439018454436	0.270400639128774	0.0448992893671807	NA	NA	0.0959404626572304	1
LBXHE2	7577	TRUE	NA	NA	NA	0.0464468110129522	-1.97004053617275	0.0987812459571237	1
URXP07	6271	TRUE	-0.000688505614487766	0.000346980026797906	0.0472682025178354	NA	NA	0.099949679643197	1
LBX146	5456	TRUE	-9.46944218079078	4.77573989944273	0.0474374859233717	NA	NA	0.099949679643197	1
CVDR1DI	7517	TRUE	0.0218048161404646	0.0112378069613049	0.052379569896745	NA	NA	0.109851597977896	1
LBXVTO	2546	TRUE	0.271209973461117	0.141226957652524	0.0549215019304459	NA	NA	0.114651798960793	1
CVDS1DI	6931	TRUE	0.022181094585959	0.0116487416486407	0.0569304840096609	NA	NA	0.118300501176038	1
DRD350HQ	3791	TRUE	0.216993366995061	0.114235428713587	0.0575711687214841	NA	NA	0.119085568177316	1
LBXBCD	21131	TRUE	-0.384364806923439	0.206018936945261	0.0621004123932331	NA	NA	0.127870394609703	1
LBX194	3748	TRUE	-9.28280048052649	5.0489965627138	0.0660616501174292	NA	NA	0.135411436666043	1
SXQ260	6922	TRUE	NA	NA	NA	0.066770838919893	-1.36520236146316	0.136248603741944	1
anyone_to_help_social	5071	TRUE	NA	NA	NA	0.0689879387379943	-1.3130441776666	0.140141418153863	1
LBXF03	4439	TRUE	-0.0123596026728397	0.00698811785905321	0.077019510384759	NA	NA	0.155758206269178	1
DRD370BQ	3200	TRUE	0.170793224947109	0.096713878174955	0.0774975600438473	NA	NA	0.156028420888279	1
LBX187	5465	TRUE	-4.44228729360778	2.51984865550768	0.0779702662102234	NA	NA	0.156285533598368	1
LBX110	3812	TRUE	-36.6341612883997	20.8919526756229	0.079595812346466	NA	NA	0.158840982347793	1
SMQ020	11813	TRUE	NA	NA	NA	0.0813368906784676	-1.04042385944922	0.160897611624803	1
LBXDFS	952	TRUE	0.691759726981712	0.396807651247972	0.0816056510674468	NA	NA	0.160897611624803	1
SMQ180	11818	TRUE	NA	NA	NA	0.0816919440920632	-1.03334926337993	0.160897611624803	1
NIFEDIPINE	21144	TRUE	NA	NA	NA	0.088243772205998	-0.907435777713545	0.173049475365009	1
LBXHBS	20940	TRUE	NA	NA	NA	0.0891339808254585	-0.891264077305095	0.174038558527317	1
HYDROCHLOROTHIAZIDE	21144	TRUE	NA	NA	NA	0.0895165212734323	-0.884350318665383	0.174038558527317	1
URXP18	2327	TRUE	-0.0029627154293168	0.00174835213516092	0.090290337393379	NA	NA	0.174792832646157	1
LBXVBZ	2403	TRUE	-3.89478226166606	2.32922740911247	0.0946285238732036	NA	NA	0.182411580061963	1
DRD370T	6389	TRUE	NA	NA	NA	0.0974756036475649	-0.750512760969286	0.187103595137063	1
VITAMIN_B_12_mcg	20883	TRUE	0.000974369277664464	0.000588796028688459	0.0979699054923958	NA	NA	0.187258933282934	1
LBD199	3786	TRUE	-7.2792949089216	4.41881205872559	0.0995709872089277	NA	NA	0.189336619094946	1
DRD350B	4393	TRUE	NA	NA	NA	0.099892829941925	-0.713211545611557	0.189336619094946	1
URXOP6	6267	TRUE	-0.400786042688806	0.245984891292308	0.103297413863806	NA	NA	0.194973868667934	1
NAPROXEN	21144	TRUE	NA	NA	NA	0.103788741578796	-0.647549657616764	0.195088381473837	1
URXMIB	4628	TRUE	-0.0257463492740008	0.0160102202750275	0.107877357678233	NA	NA	0.201688709491187	1
L_GLUTAMINE_mg	21149	TRUE	0.00396018842874389	0.00246518436482394	0.108190632243617	NA	NA	0.201688709491187	1
URXP24	4285	TRUE	-0.00110894824368136	0.000696373825531379	0.111355081172194	NA	NA	0.206702240738059	1
MAGNESIUM_mg	21002	TRUE	0.000278715794544973	0.000175264944665692	0.111792602606677	NA	NA	0.206702240738059	1
DRD370MQ	1167	TRUE	0.2882351465882	0.182002665137521	0.113538617422039	NA	NA	0.208387685869512	1
DR1TTHEO	20319	TRUE	0.0016430762004773	0.00103848917813817	0.113624190750043	NA	NA	0.208387685869512	1
URXUIO	4617	TRUE	-0.000103900065541795	6.60810890379193e-05	0.115946978842221	NA	NA	0.211790247643251	1
LBXMIR	5409	TRUE	-0.736639164547365	0.472035777731397	0.118686718795069	NA	NA	0.215924030578982	1
URXOP4	6206	TRUE	-0.0563300948040629	0.0374594662292873	0.13269382009972	NA	NA	0.240441202020692	1
DRD370G	6389	TRUE	NA	NA	NA	0.135229728749626	-0.23487511305575	0.244060028380799	1
DRD350F	4393	TRUE	NA	NA	NA	0.151359703511889	-0.0631767552913516	0.272087086074943	1
DRD370GQ	177	TRUE	-1.55227602668018	1.0835923076056	0.153873293054598	NA	NA	0.275512259896177	1
LBX153	5466	TRUE	-0.978736615969397	0.687608431493948	0.154679623784911	NA	NA	0.275865628246317	1
DRD350C	4393	TRUE	NA	NA	NA	0.155370596829937	-0.0233162941513001	0.276011295544947	1
LBXPCB	4426	TRUE	-0.000804214801990342	0.000569082361688782	0.157673822727841	NA	NA	0.278104194822128	1
LBXVCT	2414	TRUE	-18.7554212919648	13.2731984077253	0.157776552029331	NA	NA	0.278104194822128	1
salt_substitute	14278	TRUE	NA	NA	NA	0.162553637347552	0.0483214340783888	0.285413944645121	1
DRD350I	4393	TRUE	NA	NA	NA	0.166624388044614	0.0825620421019266	0.291431844726681	1
SMD130	612	TRUE	-0.080350450290776	0.0591680973233803	0.174972342787585	NA	NA	0.304855658779908	1
DR1TM221	20319	TRUE	0.567527009153209	0.422701016517066	0.179409927204612	NA	NA	0.311389643768924	1
DR1TACAR	14160	TRUE	0.000163090276049259	0.000121673575049626	0.180139485240992	NA	NA	0.31146254509225	1
DRD350EQ	190	TRUE	-0.984004796194769	0.741563938343318	0.186221410889105	NA	NA	0.320355030998958	1
first_degree_support	5146	TRUE	NA	NA	NA	0.186696971708002	0.25306968523364	0.320355030998958	1
LBXPDT	5324	TRUE	-0.370516998434354	0.283348879232274	0.191053615154435	NA	NA	0.326593538358335	1
URXOP2	6243	TRUE	-0.0101316224324541	0.00779533412503874	0.193750709622523	NA	NA	0.329958915259409	1
URXMCP	6686	TRUE	-0.074906625670888	0.0578247519475123	0.195224439811514	NA	NA	0.331223487770096	1
ever_loud_noise_gt3_2	5336	TRUE	NA	NA	NA	0.196321588872576	0.327284085229621	0.331842088654019	1
DRD350A	4393	TRUE	NA	NA	NA	0.198767203273979	0.344756927494018	0.334726925959525	1
SMD430	4326	TRUE	-0.0231084924872665	0.0185616951915798	0.213215557428333	NA	NA	0.357728324129759	1
SMD030	5362	TRUE	-0.0439556882772831	0.0354172402004028	0.214629978135315	NA	NA	0.3587658761367	1
DRD370U	6389	TRUE	NA	NA	NA	0.215417921212323	0.462901667495316	0.3587658761367	1
DR1TVARA	14160	TRUE	0.000212097208221621	0.00017346153122887	0.221450772836515	NA	NA	0.367462271410041	1
LBX138	5457	TRUE	-1.08048678368513	0.896009664429018	0.227913288366445	NA	NA	0.374740566700326	1
URXOPP	6328	TRUE	-0.132602339990346	0.109971232033532	0.227943184407012	NA	NA	0.374740566700326	1
SMD160	676	TRUE	-0.0535259056246758	0.0443899183491736	0.228318755870397	NA	NA	0.374740566700326	1
URXUCD	6269	TRUE	-0.304325318528901	0.255694983086738	0.234017321487389	NA	NA	0.381699730145828	1
URXMHH	4628	TRUE	-0.00161773492555097	0.00135983765606901	0.234243984504504	NA	NA	0.381699730145828	1
URXETD	6671	TRUE	0.000380298758693926	0.000325293198149492	0.242407066563806	NA	NA	0.393585667216503	1
DRD370B	6389	TRUE	NA	NA	NA	0.244028724426808	0.640634958930605	0.394803614876228	1
SMQ150	11818	TRUE	NA	NA	NA	0.249532781717919	0.6729216225649	0.402271708605756	1
num_months_main_job	7879	TRUE	0.00197729360250128	0.00174987217637378	0.258525589869642	NA	NA	0.41529110713102	1
URXMOH	4628	TRUE	-0.00254143834956018	0.00225429472607751	0.259642018555259	NA	NA	0.415610722281033	1
LBDHCV	20017	TRUE	NA	NA	NA	0.265077993681219	0.757314282789594	0.422488554913907	1
URX25T	3977	TRUE	11.7683217336788	10.5774782811854	0.265955028882067	NA	NA	0.422488554913907	1
URXOP3	6268	TRUE	4.50132716387663e-05	4.05266446398427e-05	0.26673670354388	NA	NA	0.422488554913907	1
URXP02	4576	TRUE	-1.74096974541825e-05	1.59312101063874e-05	0.274537328491181	NA	NA	0.432056892948567	1
LBX105	5441	TRUE	-6.70443343960284	6.1370793830244	0.274685176973924	NA	NA	0.432056892948567	1
DRD350H	4393	TRUE	NA	NA	NA	0.286118620414262	0.859496333658171	0.447611574435943	1
URXDMA	6454	TRUE	-0.000570856507370114	0.000535609224590018	0.28655045604067	NA	NA	0.447611574435943	1
CAFFEINE_mg	21149	TRUE	0.0284252010618768	0.0270560803494522	0.293452941423621	NA	NA	0.455456249074802	1
URXUTU	6334	TRUE	-0.474163538930446	0.451420668507583	0.293583277549321	NA	NA	0.455456249074802	1
hepb	19670	TRUE	NA	NA	NA	0.302363499818125	1.60643462854205	0.467476673780241	1
LBXVST	2519	TRUE	-0.124425756639133	0.122539097675634	0.310014859664563	NA	NA	0.476127410323753	1
IBUPROFEN	21144	TRUE	NA	NA	NA	0.310060896347698	0.969072426378261	0.476127410323753	1
LBX180	5461	TRUE	-1.03379389246331	1.02433018839723	0.312904870072213	NA	NA	0.47887130453619	1
POTASSIUM_mg	21078	TRUE	0.000470000477615969	0.000475671882339891	0.323126254841283	NA	NA	0.492079283946605	1
OTHER_FATTY_ACIDS_mg	14763	TRUE	-0.0376707018420622	0.0381707333675295	0.323707785024477	NA	NA	0.492079283946605	1
URXPAR	4054	TRUE	-0.049267573170402	0.0507354377712722	0.331572379352485	NA	NA	0.502348788784869	1
DRD370R	6389	TRUE	NA	NA	NA	0.350407314693272	1.12657426431542	0.529115045186841	1
old_paint_scraped	349	TRUE	NA	NA	NA	0.353165058780444	1.11102609669479	0.531507546935353	1
DRD370UQ	437	TRUE	-0.21438406698026	0.233978609855517	0.360051558900119	NA	NA	0.540072245566756	1
LBXTO1	14578	TRUE	-0.00204705438534605	0.00224203804801991	0.361240376173791	NA	NA	0.540072245566756	1
OMEGA_3_FATTY_ACIDS_mg	21148	TRUE	-0.0015939892762791	0.00178470367682274	0.371792662519222	NA	NA	0.554019987240815	1
URXOP5	6235	TRUE	-0.00805828162083923	0.00912045117044172	0.376978813337672	NA	NA	0.558721136524679	1
LBXVAR	14594	TRUE	0.0134455792462458	0.0152507959080095	0.377990745863076	NA	NA	0.558721136524679	1
URX14D	6294	TRUE	0.000117817376179467	0.000133814505298559	0.37864765764476	NA	NA	0.558721136524679	1
URXOPM	4123	TRUE	-0.00960504834092946	0.0110837431540794	0.386217881616686	NA	NA	0.565254371768509	1
LBXF08	4273	TRUE	-0.00241907725426273	0.00280240753536951	0.388068422011421	NA	NA	0.565254371768509	1
METHIONINE_mg	21148	TRUE	-0.00101106756247618	0.00117288252987396	0.388677206767122	NA	NA	0.565254371768509	1
LBXB12	21125	TRUE	3.01444923451657e-05	3.49762611225257e-05	0.388776680556638	NA	NA	0.565254371768509	1
lite_salt	14278	TRUE	NA	NA	NA	0.389314269297516	1.25836517302378	0.565254371768509	1
LBXVTC	2403	TRUE	-2.69306132610541	3.17644054479338	0.39662103096481	NA	NA	0.574023409032137	1
LBXIHG	10949	TRUE	0.232139664060163	0.276518124308603	0.401201662745785	NA	NA	0.577399313677008	1
DRD370K	6389	TRUE	NA	NA	NA	0.401502834013814	1.29500427332823	0.577399313677008	1
ALANINE_mg	21149	TRUE	-0.0003184668313494	0.000386850077687565	0.410386143554303	NA	NA	0.586848616252199	1
DRD370NQ	258	TRUE	0.384075969667014	0.466919159874535	0.411543184254572	NA	NA	0.586848616252199	1
SMQ210	11819	TRUE	NA	NA	NA	0.412989873454151	1.3292176307732	0.586848616252199	1
LBXV4C	2560	TRUE	-0.282450137921823	0.346716019344066	0.415352196789637	NA	NA	0.586848616252199	1
URXP09	1805	TRUE	-0.00128357302046962	0.00157707123166045	0.41581216215519	NA	NA	0.586848616252199	1
GLYCINE_mg	21149	TRUE	-0.000309386594098861	0.000380238554404404	0.415846370456856	NA	NA	0.586848616252199	1
SMD220	403	TRUE	-0.0402178888137396	0.04992630647689	0.420993579574753	NA	NA	0.592267365053923	1
LBXVME	2130	TRUE	-0.00186204274667245	0.00232751562884214	0.423792944199974	NA	NA	0.593215675005842	1
URXP15	6107	TRUE	-0.0115320792023353	0.0144320552556001	0.424286707951198	NA	NA	0.593215675005842	1
PROLINE_mg	21149	TRUE	-0.00023331118414148	0.000293913748622795	0.427315929033228	NA	NA	0.595612664160161	1
THREONINE_mg	21148	TRUE	-0.000316189626752106	0.000403323619386202	0.433072305106956	NA	NA	0.598745046760607	1
SMD235	1501	TRUE	-0.0530897248849133	0.0677403714909623	0.433326898214825	NA	NA	0.598745046760607	1
SMD057	3913	TRUE	-0.0122765211305812	0.0156738414367541	0.433528422378541	NA	NA	0.598745046760607	1
LEUCINE_mg	21148	TRUE	-0.000151162202410135	0.00019518346579545	0.438666218131723	NA	NA	0.603500377235065	1
BETA_CAROTENE_IU	21149	TRUE	0.000161353392638848	0.000208784524777562	0.439636036396405	NA	NA	0.603500377235065	1
ISOLEUCINE_mg	21149	TRUE	-0.000249232566831251	0.000323943842439787	0.441682485917521	NA	NA	0.60424595902011	1
LYSINE_mg	21147	TRUE	-0.000183353130971688	0.000238924903839101	0.442846928023569	NA	NA	0.60424595902011	1
VALINE_mg	21148	TRUE	-0.000253687770973262	0.000336070425920728	0.450338454028292	NA	NA	0.610115821085278	1
CYSTINE_mg	21149	TRUE	-0.00277897168618914	0.00368454061664374	0.450722686618014	NA	NA	0.610115821085278	1
SMD415	4531	TRUE	NA	NA	NA	0.451701216451851	2.40659075992153	0.610115821085278	1
TRYPTOPHAN_mg	21149	TRUE	-0.000975957375100424	0.00129918506558237	0.452536238155967	NA	NA	0.610115821085278	1
IRON_mg	20918	TRUE	0.000325248682871783	0.000435024441393453	0.45467601829801	NA	NA	0.610420951577792	1
FOLIC_ACID_mcg	20852	TRUE	1.46062054473898e-05	1.95946606706762e-05	0.456027697854344	NA	NA	0.610420951577792	1
DRD350CQ	120	TRUE	-0.431221536919192	0.577442388251646	0.456805082968811	NA	NA	0.610420951577792	1
URXP08	6096	TRUE	0.00151794442421528	0.00204734629319271	0.458467156870285	NA	NA	0.610840064888938	1
DRD370TQ	1004	TRUE	0.131580554440596	0.178423615789173	0.461015941658053	NA	NA	0.612434667363924	1
TYROSINE_mg	21149	TRUE	-0.000304239847435126	0.000413997766293738	0.462419012598032	NA	NA	0.61250237633599	1
LBXVBF	2274	TRUE	0.0131855169345476	0.018109264182317	0.466622238774284	NA	NA	0.616267854707728	1
URXP21	4290	TRUE	-0.0115118831802184	0.0160454291426068	0.473132179110659	NA	NA	0.623049061445141	1
URXOP1	6270	TRUE	-0.01012797193153	0.0142294003416753	0.476637585284214	NA	NA	0.625845872851446	1
HISTIDINE_mg	21149	TRUE	-0.000443686453645017	0.000639192004592404	0.487604285051971	NA	NA	0.638395205573824	1
URXP13	6177	TRUE	-0.00462075237785018	0.00673750237444648	0.492848803730408	NA	NA	0.641024893163002	1
PHENYLALANINE_mg	21148	TRUE	-0.000207680130434642	0.000303176281910265	0.493342321669863	NA	NA	0.641024893163002	1
ARGININE_mg	21149	TRUE	-0.000143694154267885	0.000210747560918089	0.495353488058898	NA	NA	0.641024893163002	1
ALCOHOL_PERCENT	21149	TRUE	9.50584728339261e-08	1.39711361157041e-07	0.496263825960138	NA	NA	0.641024893163002	1
smell_tobacco	7877	TRUE	NA	NA	NA	0.496688162252127	1.53736195010424	0.641024893163002	1
DRD370C	6389	TRUE	NA	NA	NA	0.503711404839556	1.55213632132654	0.646914478398326	1
LEVOTHYROXINE_SODIUM	13871	TRUE	NA	NA	NA	0.505246413977126	1.55575552367372	0.646914478398326	1
SERINE_mg	21149	TRUE	-0.000202031414713306	0.000303434186891556	0.505535817556308	NA	NA	0.646914478398326	1
URXP10	6388	TRUE	0.000269112827697993	0.000411871331112237	0.513528098774689	NA	NA	0.652733728093347	1
SMQ050	4194	TRUE	0.00303445869036817	0.00465336188396714	0.514372298284057	NA	NA	0.652733728093347	1
LBXVDB	2315	TRUE	0.0227464040915288	0.0348821328169608	0.514406050616611	NA	NA	0.652733728093347	1
LBXMO1	608	TRUE	NA	NA	NA	0.518434129824422	1.57545739652869	0.655651243642483	1
URXP20	4306	TRUE	0.00325221497682745	0.00508229181761163	0.522264525262819	NA	NA	0.655651243642483	1
LORATADINE	13871	TRUE	NA	NA	NA	0.522573630377181	1.59087061579339	0.655651243642483	1
LBXWCM	2690	TRUE	0.0346093934996909	0.0542723742250135	0.523724677371657	NA	NA	0.655651243642483	1
LBXWBM	2671	TRUE	0.0291403871181432	0.0458724034575405	0.52532083072356	NA	NA	0.655651243642483	1
URXP22	4359	TRUE	0.0115124988157437	0.0182476195799463	0.528136362573646	NA	NA	0.655651243642483	1
SXQ265	6918	TRUE	NA	NA	NA	0.528383601968231	1.60187919140299	0.655651243642483	1
PROTEIN_gm	21147	TRUE	-0.00717745952334141	0.0114048037220922	0.529135567170963	NA	NA	0.655651243642483	1
DRD370IQ	226	TRUE	0.291374650185591	0.462913351852817	0.529731468373397	NA	NA	0.655651243642483	1
L_ASPARTIC_ACID_mg	21149	TRUE	-0.000481982566489364	0.000781178398384629	0.537245175239272	NA	NA	0.662711569227005	1
PHOSPHORUS_mg	21059	TRUE	8.97164188282425e-05	0.000145808671742701	0.53836171628154	NA	NA	0.662711569227005	1
SMD415A	4406	TRUE	NA	NA	NA	0.547830024871201	2.79329785728623	0.672539298825621	1
SMD055	2857	TRUE	-0.0134345479364968	0.0226787535628096	0.553640030629337	NA	NA	0.677834956419161	1
house_type	21147	TRUE	NA	NA	NA	0.556838553414414	4.99232268339256	0.679913381931886	1
OMEPRAZOLE	21144	TRUE	NA	NA	NA	0.559382692582126	1.65905119414674	0.68050764241704	1
DRD350FQ	352	TRUE	-0.340922003798247	0.584848040112966	0.560329692321316	NA	NA	0.68050764241704	1
LBXVCF	2101	TRUE	0.000377563785109513	0.00065375429857844	0.563642587627421	NA	NA	0.682700781270647	1
DRD350GQ	382	TRUE	0.252441743598283	0.443285276883801	0.569375616872169	NA	NA	0.687805745181581	1
number_close_friends	5120	TRUE	0.0160971117188896	0.0293013241558943	0.582779238224361	NA	NA	0.701490642381118	1
DRD350BQ	991	TRUE	0.151931609284145	0.277236085630399	0.58380126308539	NA	NA	0.701490642381118	1
pneu	11320	TRUE	NA	NA	NA	0.607974016264812	1.73661140548938	0.728603781396719	1
LANSOPRAZOLE	21144	TRUE	NA	NA	NA	0.616740019292358	1.74939497938612	0.736141087249709	1
DR1TFA	14160	TRUE	-0.000298720569575786	0.000598172722817434	0.617513494823155	NA	NA	0.736141087249709	1
paint_chipping_inside	1055	TRUE	NA	NA	NA	0.620007565828698	1.75158186951285	0.736948328267352	1
current_loud_noise	2459	TRUE	NA	NA	NA	0.621444285647083	1.75507365809972	0.736948328267352	1
DRD370N	6389	TRUE	NA	NA	NA	0.624068775425949	1.75940007859026	0.738128342736174	1
URXMHP	6686	TRUE	-0.00310592228905592	0.00640102012444514	0.627534081604991	NA	NA	0.740294111893388	1
CVDESVO2	7239	TRUE	-0.00712085731570288	0.0153127855584915	0.641926196174053	NA	NA	0.755305368485315	1
URXUPT	6461	TRUE	1.09538430866785	2.51345936530261	0.662991024662563	NA	NA	0.776392290048763	1
URXDAZ	6691	TRUE	-5.61808067590392e-05	0.000129028282188959	0.663275532558214	NA	NA	0.776392290048763	1
URXP05	6286	TRUE	-4.00156935708525e-05	9.39539510078018e-05	0.670189848038106	NA	NA	0.782463920518717	1
DRD370AQ	1364	TRUE	-0.0793544762286213	0.18925850622482	0.675069693621007	NA	NA	0.786135087956385	1
SMQ120	11817	TRUE	NA	NA	NA	0.676805042611457	1.82609475201753	0.786135087956385	1
DRD370EQ	478	TRUE	0.145174390896829	0.363241689430653	0.689587213385565	NA	NA	0.798933523436473	1
DRD370FQ	323	TRUE	0.138933187523067	0.351438869619641	0.692871911137628	NA	NA	0.800691264656494	1
LBXVOX	2588	TRUE	-0.678875270433286	1.77758936341937	0.702561232000576	NA	NA	0.809822488794557	1
LBXVBM	2310	TRUE	-0.0232341514186915	0.061410078703251	0.705209793965664	NA	NA	0.810812275803162	1
CVDS2SY	6460	TRUE	-0.00240307850605981	0.00639311486296375	0.70701446241606	NA	NA	0.810829244239177	1
LBDRUIU	14594	TRUE	0.000914102501428195	0.0024761346716796	0.712010028010883	NA	NA	0.81449631992154	1
SODIUM_mg	21024	TRUE	-0.00042182716682804	0.00118935689821321	0.722841675239441	NA	NA	0.820892965867269	1
URXMNM	4628	TRUE	-0.0023851705426378	0.0067298388351339	0.723042442566529	NA	NA	0.820892965867269	1
LBXWBF	2676	TRUE	-0.0355653259098058	0.101500087672313	0.726068471777985	NA	NA	0.820892965867269	1
CVDR1SY	7517	TRUE	-0.00222002695273826	0.00637829759828194	0.727805273836921	NA	NA	0.820892965867269	1
home_painted_12mos	1039	TRUE	NA	NA	NA	0.727811873164042	1.87758083312747	0.820892965867269	1
URXMOP	6686	TRUE	-0.0350952868151533	0.101089629991463	0.728474552491484	NA	NA	0.820892965867269	1
BETA_CAROTENE_mg	21147	TRUE	0.0650783859661222	0.189366860273556	0.731103147707465	NA	NA	0.821810734271667	1
LBXME1	607	TRUE	NA	NA	NA	0.737271101612735	1.88539409656369	0.82554729080354	1
VITAMIN_A_IU	20920	TRUE	5.26040568935287e-07	1.58166372543545e-06	0.739449499123914	NA	NA	0.82554729080354	1
CVDS2DI	6460	TRUE	0.00382074124692433	0.0115080012089275	0.739894481382422	NA	NA	0.82554729080354	1
L_GLUTAMINE_gm	21149	TRUE	0.0470151819680666	0.148237219095667	0.751123972759473	NA	NA	0.836017591302313	1
DRD370KQ	218	TRUE	-0.180990843597762	0.600216016264056	0.763303296144958	NA	NA	0.846145906953886	1
CELECOXIB	21144	TRUE	NA	NA	NA	0.765681596031109	1.91113311160007	0.846145906953886	1
DRD350DQ	406	TRUE	0.258634552131758	0.867777380548545	0.765827421304842	NA	NA	0.846145906953886	1
DRD370D	6389	TRUE	NA	NA	NA	0.769052620897682	1.91364252266067	0.847641939821533	1
URXMNP	6686	TRUE	0.00569141039408345	0.0205366332198056	0.781685382880128	NA	NA	0.852579473114173	1
DRD370F	6389	TRUE	NA	NA	NA	0.781851601887633	1.92319079203298	0.852579473114173	1
ever_loud_noise_gt3	7884	TRUE	NA	NA	NA	0.781952935588748	1.92328898351843	0.852579473114173	1
URXEQU	6393	TRUE	0.000147053650975296	0.000533727908619071	0.78292433294606	NA	NA	0.852579473114173	1
DRDCWATR	7212	TRUE	0.000527236707993624	0.0019137693501958	0.782942739107055	NA	NA	0.852579473114173	1
LBX052	4744	TRUE	-2.36434780425546	8.76708752802054	0.787414726276807	NA	NA	0.855392976027323	1
URXP17	4507	TRUE	5.46138513468937e-05	0.000209468695766801	0.794316063462673	NA	NA	0.860825781695194	1
LBXWME	2631	TRUE	-0.125103523328624	0.500840417877635	0.80277150483003	NA	NA	0.867912867990462	1
LBXDFSF	61	TRUE	0.032291544786113	0.132719427463755	0.808763167676116	NA	NA	0.872308845136382	1
LBXVCM	2320	TRUE	-0.0179791685185456	0.0754879252107977	0.811768226452894	NA	NA	0.873148441021433	1
DRD370E	6389	TRUE	NA	NA	NA	0.813585322950579	1.9443011583644	0.873148441021433	1
paint_chipping_outside	1045	TRUE	NA	NA	NA	0.815324040953788	1.94486931219126	0.873148441021433	1
URXGNS	6694	TRUE	5.23948732273061e-05	0.000235877317017896	0.824221304255589	NA	NA	0.880594931197599	1
URXP12	6018	TRUE	-0.00171125972920681	0.00834054625566629	0.837443462792497	NA	NA	0.892616208576474	1
DRD370I	6389	TRUE	NA	NA	NA	0.840581313762414	1.95946903731965	0.893857594212144	1
DRD350IQ	280	TRUE	-0.104221821388823	0.556399938920244	0.851555196121355	NA	NA	0.903286803867109	1
COPPER_mg	20990	TRUE	0.000717192293175031	0.00392550661866768	0.855034734615877	NA	NA	0.903286803867109	1
CHOLESTEROL_mg	21147	TRUE	-0.00223372895026363	0.0122798257663095	0.85566111832165	NA	NA	0.903286803867109	1
URXUCO	6461	TRUE	-0.0144787561815797	0.0805894272887288	0.857424559962157	NA	NA	0.903286803867109	1
SMD190	382	TRUE	-0.0114520586299701	0.0671168237516616	0.864608717560264	NA	NA	0.906692806785167	1
num_months_longest_job	8470	TRUE	0.000254398078854516	0.00149251254262165	0.864660689914331	NA	NA	0.906692806785167	1
DRD370DQ	1084	TRUE	-0.0470656545109692	0.287317407454795	0.869911047794125	NA	NA	0.910091696652976	1
LBXVEB	2390	TRUE	0.282955877324918	1.77381735921197	0.873274283767235	NA	NA	0.911505185591146	1
URXP01	4590	TRUE	-1.27651625003734e-06	8.30150426400838e-06	0.877798440786334	NA	NA	0.914121134887838	1
CVDR2HR	7727	TRUE	0.0011253721292591	0.00875596802572709	0.897735840072529	NA	NA	0.932739301726733	1
LBXWCF	2672	TRUE	0.00156302244838405	0.0130523882955142	0.904690294574575	NA	NA	0.93777951590943	1
DR1TRET	14160	TRUE	-2.31666984532782e-05	0.000197719136160801	0.906727214058124	NA	NA	0.93777951590943	1
LBX099	5406	TRUE	-0.26910605709458	3.0187881074192	0.928970986465011	NA	NA	0.958596484894419	1
LBDDWS	807	TRUE	6.20734136994054e-05	0.000761607617936117	0.935062314665844	NA	NA	0.961850440903915	1
CVDR2SY	7717	TRUE	0.000539158496879091	0.00675345253503091	0.936370959025666	NA	NA	0.961850440903915	1
DRD350AQ	500	TRUE	-0.0374163875420327	0.597635426768115	0.950104735431109	NA	NA	0.973749875905639	1
URXMC1	4628	TRUE	-0.000795954945323729	0.0137778863205982	0.953933961718459	NA	NA	0.975467459725647	1
LBXM1	4375	TRUE	NA	NA	NA	0.969067568198842	1.99849249448744	0.988710829716386	1
URXUUR	4524	TRUE	-0.159006676365661	4.56851873848681	0.972236880786391	NA	NA	0.988848947577313	1
HYDROCHLOROTHIAZIDE__TRIAMTERENE	21144	TRUE	NA	NA	NA	0.973568721014308	1.9989016490581	0.988848947577313	1
drink_five_per_day	9527	TRUE	NA	NA	NA	0.976141037239499	1.99910452352196	0.989243601497748	1
LBXVXY	2525	TRUE	0.0124044777156185	0.532078030129428	0.981402238435168	NA	NA	0.991626981299777	1
URXP11	6067	TRUE	-6.63519249039933e-05	0.00309034929521053	0.98287089316468	NA	NA	0.991626981299777	1
URXMEP	6682	TRUE	-1.06952672197646e-06	0.000132086724120923	0.993539717491997	NA	NA	0.997409441212819	1
LBX118	5458	TRUE	0.0117874231296514	1.49120527251209	0.993693374416405	NA	NA	0.997409441212819	1
CVDS1SY	6931	TRUE	-3.99703364509065e-05	0.00665443873625924	0.995207654366875	NA	NA	0.997409441212819	1
LBXBPB	21131	TRUE	1.99166681538798e-05	0.0525538849475543	0.999697624380137	NA	NA	0.999697624380137	1
